 <pre>

 Contingency table for Rh2m (%)
 Selection: ALL    190 stations
Period: 20200629-20200705
Used {00,06,12,18} + 00 01 ... 36
 Limits    30.0000000       50.0000000       65.0000000       75.0000000       85.0000000       95.0000000       100.000000    
 Each class is data <= limit, the very last > last limit
 Total number of values      173165
                                              OBSERVATION
                                    164      273        6        0        1        0        0        0 |       444
                                    619     8431     2884      467      312      172       20        0 |     12905
                                     51     5195    11856     6364     2287      942      211        0 |     26906
                          aa11        3      888     5777     9897     7110     2817      572        0 |     27064
                                     12      353     2983     7369    11637     7329     2037        0 |     31720
                                      0      102      899     3419     9433    18807     8677        0 |     41337
                                      0        6       85      438     1821    10536    19374        0 |     32260
                                      0        0        0        0        3       84      442        0 |       529

                    SUM             849    15248    24490    27954    32604    40687    31333        0 |    173165
                                              OBSERVATION
                                    169      264        5        0        1        0        0        0 |       439
                                    611     8436     2909      462      310      180       20        0 |     12928
                                     55     5184    11808     6396     2299      929      202        0 |     26873
                          aa22        2      894     5828     9886     7151     2825      589        0 |     27175
                                     12      357     2952     7404    11632     7343     2064        0 |     31764
                                      0      108      877     3364     9390    18864     8641        0 |     41244
                                      0        5      111      442     1816    10460    19382        0 |     32216
                                      0        0        0        0        5       86      435        0 |       526

                    SUM             849    15248    24490    27954    32604    40687    31333        0 |    173165
                                              OBSERVATION
                                    169      262        5        0        1        0        0        0 |       437
                                    615     8490     2867      466      305      178       20        0 |     12941
                                     51     5115    11791     6345     2276      936      213        0 |     26727
                          aa33        2      908     5920     9828     7131     2814      564        0 |     27167
                                     12      353     2950     7443    11646     7359     2095        0 |     31858
                                      0      114      858     3434     9402    18774     8599        0 |     41181
                                      0        6       99      438     1838    10543    19401        0 |     32325
                                      0        0        0        0        5       83      441        0 |       529

                    SUM             849    15248    24490    27954    32604    40687    31333        0 |    173165

