 <pre>

 Contingency table for Visibility (m)
 Selection: ALL    106 stations
Period: 20200629-20200705
Used {00,06,12,18} + 00 01 ... 36
 Limits    1000.00000       5000.00000       10000.0000       20000.0000    
 Each class is data <= limit, the very last > last limit
 Total number of values       82295
                                     OBSERVATION
                                    430      176      167      185      142 |      1100
                                    442     1054     2260     3964     4809 |     12529
                          aa11       86      225      511     1016     2322 |      4160
                                    139      483     1082     2859    10999 |     15562
                                     50      342      851     4490    43211 |     48944

                    SUM            1147     2280     4871    12514    61483 |     82295
                                     OBSERVATION
                                    430      170      166      177      134 |      1077
                                    444     1047     2239     3980     4837 |     12547
                          aa22       79      235      518     1012     2361 |      4205
                                    142      496     1077     2823    10959 |     15497
                                     52      332      871     4522    43192 |     48969

                    SUM            1147     2280     4871    12514    61483 |     82295
                                     OBSERVATION
                                    420      176      160      190      151 |      1097
                                    456     1055     2242     3969     4789 |     12511
                          aa33       75      229      497      982     2415 |      4198
                                    142      491     1114     2849    10826 |     15422
                                     54      329      858     4524    43302 |     49067

                    SUM            1147     2280     4871    12514    61483 |     82295

